match
1,2,3
10;3;2,8;2;0,2;5;4
8,4,9
1;4;10,5;1;2,0;2;8
red
match
2,1,8
5;2;4,8;4;4,4;4;3
13,9,10
4;4;10,5;1;4,2;2;3
blue
match
9,15,2
14;4;0,0;9;1,12;8;9
1,3,10
7;3;10,2;4;0,8;9;4
blue
match
3,8,13
13;0;9,8;2;7,7;9;9
6,15,16
10;3;0,8;2;1,4;4;6
blue
match
11,15,16
6;4;10,10;0;2,10;6;5
13,3,8
1;10;2,7;5;4,7;10;0
red
match
6,4,10
9;2;6,14;6;7,2;5;6
8,16,7
14;1;4,9;5;5,8;10;2
red
match
14,7,12
0;8;10,9;9;5,12;3;6
11,8,15
0;4;3,1;2;6,2;3;3
blue
match
4,14,3
12;3;6,13;8;5,8;4;9
1,5,2
6;10;9,3;10;2,0;0;1
red
match
7,5,15
10;3;5,14;2;5,11;4;2
3,1,4
6;3;9,3;7;9,13;2;9
blue
match
6,10,14
2;1;5,11;9;7,7;1;0
8,13,1
4;3;0,9;8;10,13;5;8
blue
match
3,7,6
9;10;6,9;1;8,12;7;4
10,2,8
4;7;2,15;0;8,5;8;5
blue
match
9,15,3
3;10;10,11;9;0,7;7;8
2,8,1
2;8;3,15;0;3,8;6;7
red